  427  32.3285 34.1940     278     0    16   262  
  428  30.5359 34.9045     260    18    29   231  
  429  30.7258 35.0510     411   151    68   343  
  430  30.5870 34.7808     264   147    29   235  
  431  31.6350 34.8090     447   183    35   412  
  432  32.0530 33.4041     334   113    45   289  
  433  30.2623 32.5096     358    24    19   339  
  434  32.9715 32.9403     182   176    46   136  
  435  32.3172 35.6271     302   120    14   288  
  436  34.4366 34.5255     259    43   120   139  
  437  32.1778 35.4523     153   106    91    62  
  438  31.8355 34.1221     401   248    88   313  
  439  32.0111 33.9186     374    27    35   339  
  440  33.2227 33.9999     224   150    37   187  
  441  31.8655 34.4998     239    15    58   181  
  442  33.7650 33.9755     278    39    56   222  
  443  32.7249 33.7350     444   166    91   353  
  444  33.9202 34.2110     387    57    71   316  
  445  32.2024 34.4848     242   145    13   229  
  446  35.4724 32.8776     473   231    82   391  
  447  33.8616 34.9465     306   167    48   258  
  448  32.8833 33.8333     395    89    50   345  
  449  33.9964 34.4633     356    39   107   249  
  450  33.5587 33.0835     215   141    36   179  
  451  32.8706 35.1039     377   162    74   303  
  452  35.2062 33.9201     138   239    39    99  
  453  33.9929 33.4792     507   369    22   485  
  454  31.5871 33.8799     329   178    39   290  
  455  33.2490 34.9947     395    66    46   349  
  456  33.3805 35.3467     396     1     6   390  
  457  32.6256 35.1401     373    23    38   335  
  458  33.1373 35.1139     320    53    35   285  
  459  32.8428 35.2011     265    55    62   203  
  460  33.1016 34.5599     371   106    56   315  
  461  32.4326 34.3568     195   176    73   122  
  462  30.6642 34.9357     325   130    41   284  
  463  33.1413 34.7566     401    76    33   368  
  464  33.2088 34.3423     522   121    87   435  
  465  35.0785 34.5573     476    46    44   432  
  466  35.0365 34.5380     394    82    14   380  
  467  33.5310 34.1521     366    28    35   331  
  468  33.6892 33.9074     266   100    88   178  
  469  35.3146 35.3384     458   192    36   422  
  470  33.4818 33.3305     306   152    94   212  
  471  33.0016 33.3251     489   183    74   415  
  472  33.4580 32.3250     256   233    22   234  
  473  33.6105 33.8647     196    60    48   148  
  474  33.8076 35.2645     421   225   140   281  
  475  34.9864 33.3397     271   150    25   246  
  476  35.2836 34.6927     339    68    98   241  
  477  31.9655 31.3472     554   215   125   429  
  478  33.3519 34.6235     285   269    67   218  
  479  33.6968 32.0887     201    84    37   164  
  480  34.6928 33.0802     314   113    34   280  
  481  32.3065 33.5284     400    86    93   307  
  482  34.1076 35.1893     348    52    39   309  
  483  32.9391 34.8291     551   203    31   520  
  484  34.7635 34.7130     223   328    50   173  
  485  31.8874 35.6588     507   284    91   416  
  486  34.6304 35.5000     357   150    50   307  
  487  33.1347 31.9748     292    65    32   260  
  488  34.1200 34.2440     312    20    63   249  
  489  32.9388 34.4175     345    33    25   320  
  490  33.8620 35.5550     408    63    51   357  
  491  33.5557 34.4294     361    47    23   338  
  492  32.2504 33.5562     341    20    29   312  
  493  33.0884 34.3785     438    97    51   387  
  494  34.9992 33.2707     287   151    42   245  
  495  35.4177 33.3011     138   149    65    73  
  496  32.3451 33.5379     375   237    28   347  
  497  30.6277 32.7744     244   131    61   183  
  498  34.0674 31.9995     227    17    64   163  
  499  31.9301 35.1043     436   209    46   390  
  500  33.0324 34.4199     496    60    63   433  
  501  31.8971 33.4416     332   164    70   262  
  502  32.8836 31.5710     258    74    19   239  
  503  32.8182 34.5378     588   330    40   548  
  504  31.5770 35.6925     523    65    36   487  
  505  32.1010 34.8935     484    39    40   444  
  506  32.7292 34.4926     383   101    82   301  
  507  32.9852 33.7774     487   104    37   450  
  508  29.8288 36.6118     229   258    15   214  
  509  33.0281 34.8493     291    62    43   248  
  510  32.3286 34.8434     315    24    52   263  
  511  33.0399 34.6126     283    32    89   194  
  512  31.2695 35.9332     626   343    48   578  
  513  31.2349 34.6076     494   132    73   421  
  514  32.8609 35.0269     559    65    59   500  
  515  33.6014 34.6671     433   126    51   382  
  516  32.4474 34.0476     529    96    52   477  
  517  31.4286 35.0921     497    32    28   469  
  518  33.5332 32.2548     297   200    86   211  
  519  33.3939 34.3145     340    43    33   307  
  520  31.5389 33.0766     404    64    67   337  
  521  32.6473 35.9908     251   153    46   205  
  522  32.0314 35.6300     327    76    69   258  
  523  33.3005 35.2396     266    61    64   202  
  524  32.7469 34.3545     526   260    67   459  
  525  33.2509 35.8700     388   138    48   340  
  526  32.5918 34.1938     347    41    35   312  
  527  32.8594 34.9889     390    43    71   319  
  528  35.7927 35.1499     282   108    37   245  
  529  33.6385 36.1309     473   191    26   447  
  530  33.6148 34.4859     257   216    31   226  
  531  32.9842 32.6654     413   156    53   360  
  532  33.8105 32.7974     423    10    44   379  
  533  35.9070 35.1949     216   207    35   181  
  534  33.0808 34.3196     320   104    51   269  
  535  35.4837 34.7618     231    89    61   170  
  536  32.0633 33.9236     482   251    28   454  
  537  31.6754 32.7232     489     7    55   434  
  538  32.2072 31.7270     461    28    49   412  
  539  31.8191 31.4564     341   120    36   305  
  540  34.0406 32.3172     816   475    32   784  
  541  34.6838 33.6612     502   314    64   438  
  542  33.6705 32.3189     607   105    28   579  
  543  31.9609 34.5110     437   170   125   312  
  544  33.0765 30.7022     330   107    39   291  
  545  32.5063 34.9010     274    56    70   204  
  546  35.7999 33.4000     108   166    73    35  
  547  32.9534 32.8868     514   406    21   493  
  548  33.9976 33.1001     434    80    25   409  
  549  32.8893 31.9580     500    66    46   454  
  550  33.3481 32.1305     468    32    32   436  
  551  37.1113 32.7179     439    29    59   380  
  552  34.4700 31.9839     469    30    67   402  
  553  32.1325 30.1891     281   188    49   232  
  554  35.2639 31.7365     383   102    38   345  
  555  34.0782 32.2332     355    28    67   288  
  556  34.9529 33.8673     291    64    42   249  
  557  34.1815 32.3649     287     4    55   232  
  558  34.6132 33.9183     370    83    36   334  
  559  33.4833 33.0012     290    80    69   221  
  560  33.8685 32.2673     340    50    31   309  
  561  35.2397 32.5974     288    52    36   252  
  562  32.4648 32.8351     157   131    75    82  
  563  34.6657 31.2309     385   228    32   353  
  564  33.2798 32.4112     335    50    54   281  
  565  32.7084 32.4813     346    11    27   319  
  566  33.3581 33.0407     513   167    62   451  
  567  33.8646 29.5726     295   218    25   270  
  568  31.8610 32.9778     441   146    75   366  
  569  33.6653 31.7169     485    44    18   467  
  570  34.8048 31.1627     243   242    24   219  
  571  34.4051 31.7108     321    78    38   283  
  572  32.3083 31.4154     237    84    58   179  
  573  31.6393 30.5516     291    54    20   271  
  574  30.8002 30.7437     378    87    72   306  
  575  31.3911 30.4327     559   181    11   548  
  576  34.0406 32.8840     419   140    58   361  
  577  33.7772 33.0591     436    17    28   408  
  578  34.6529 34.0124     354    82   103   251  
  579  35.0283 32.0528     518   164   100   418  
  580  34.3843 33.3130     510     8    77   433  
  581  31.4613 30.8445     490    20    67   423  
  582  33.8352 32.7728     602   112    37   565  
  583  32.7755 32.3332     654    52   102   552  
  584  33.1877 33.3536     420   234    42   378  
  585  33.9037 32.7859     486    66    87   399  
  586  31.3856 32.1971     407    79    24   383  
  587  33.8361 33.6848     292   115    31   261  
  588  30.6712 32.4837     424   132    32   392  
  589  33.6271 32.9732     374    50    27   347  
  590  33.3965 33.6832     377     3    66   311  
  591  33.2932 31.8838     239   138    35   204  
  592  32.9736 35.1581     328    89   139   189  
  593  32.8763 33.4973     211   117    69   142  
  594  31.9220 34.2548     429   218    29   400  
  595  34.0521 33.7085     370    59    60   310  
  596  31.6822 34.0012     428    58    35   393  
  597  32.9344 34.3584     364    64   128   236  
  598  29.9603 29.4156     357     7    34   323  
  599  32.9429 33.0476     257   100    82   175  
  600  34.2682 33.1291     528   271    45   483  
  601  33.6351 33.7348     334   194   157   177  
  602  33.0999 33.8443     358    24    23   335  
  603  33.3539 32.5780     276    82    43   233  
  604  32.6537 33.4744     359    83    29   330  
  605  34.2620 34.7717     361     2   109   252  
  606  33.2852 33.0710     329    32    61   268  
  607  32.6684 33.7392     402    73    30   372  
  608  33.3916 33.5570     371    31    30   341  
  609  33.0648 33.3661     256   115    26   230  
  610  34.1954 33.6124     313    57    47   266  
  611  33.5728 33.2057     263    50    65   198  
  612  32.2206 35.3614     475   212    33   442  
  613  31.2843 33.4551     580   105    51   529  
  614  33.8912 33.2111     465   115    41   424  
  615  32.2886 35.4487     352   113    46   306  
  616  32.4574 33.5648     508   156    70   438  
  617  32.3246 32.8509     455    53    33   422  
  618  30.9049 32.6821     372    83    63   309  
  619  32.5366 33.1715     536   164    93   443  
  620  32.1150 32.7404     349   187    38   311  
  621  32.7400 30.8308     114   235     6   108  
  622  32.9030 32.6311     348   234    57   291  
  623  32.2430 31.9545     440    92    55   385  
  624  33.6090 34.5054     298   142    43   255  
  625  31.8902 31.5047     291     7    14   277  
  626  34.8758 32.0442     296     5    25   271  
  627  32.5530 33.2848     325    29    31   294  
  628  32.7124 36.1384     300    25   110   190  
  629  33.6077 33.8387     334    34    37   297  
  630  32.1814 33.5038     278    56    31   247  
  631  34.4117 32.6053     309    31    66   243  
  632  34.1306 35.1301     163   146    58   105  
  633  32.0899 32.4669     663   500    54   609  
  634  31.7942 32.9966     279   384    24   255  
  635  32.9149 32.7814     329    50    26   303  
  636  31.8860 33.5313     260    69    48   212  
  637  31.8700 33.1921     263     3    50   213  
  638  30.6070 33.5246     390   127    37   353  
  639  32.4935 36.4722     460    70    70   390  
  640  30.8288 34.3299     278   182    68   210  
  641  32.6656 34.9908     273     5    22   251  
  642  36.4706 34.5405     226    47   106   120  
  643  34.6024 34.7832     233     7    57   176  
  644  32.7341 35.0260     408   175     1   407  
  645  31.3392 35.0768     210   198    37   173  
  646  32.3611 36.7935     245    35    54   191  
  647  33.4220 34.6062     259    14    38   221  
  648  33.6051 35.5370     302    43    17   285  
  649  32.5764 34.8385     349    47    50   299  
  650  33.6652 34.2097     271    78    53   218  
  651  32.5946 34.8637     302    31    33   269  
  652  31.5720 35.1205     339    37    16   323  
  653  32.4910 35.1216     499   160    43   456  
  654  31.7688 36.8944     518    19    39   479  
  655  32.0470 35.9822     478    40    56   422  
  656  31.9180 34.4451     440    38    31   409  
  657  33.4209 34.1430     193   247    18   175  
  658  31.8247 33.2737     222    29    45   177  
  659  31.5127 34.5834     660   438    57   603  
  660  32.5737 34.3545     327   333    66   261  
  661  31.5788 34.8858     310    17    64   246  
  662  29.8873 33.0114     382    72    63   319  
  663  31.2864 35.2016     179   203    41   138  
  664  31.1299 34.8227     234    55    35   199  
  665  31.8161 34.9671     208    26    38   170  
  666  32.6896 35.7980     428   220    50   378  
  667  31.4225 33.0888     407    21    75   332  
  668  32.6349 32.2840     354    53    27   327  
  669  28.5436 35.2044     178   176    29   149  
  670  32.0329 35.4542     259    81    47   212  
  671  31.3744 35.5499     309    50    58   251  
  672  31.4039 33.9857     365    56    88   277  
  673  30.4903 36.3554     197   168    49   148  
  674  31.1152 33.4072     261    64    25   236  
  675  31.8702 36.3929     384   123    66   318  
  676  31.3997 35.3129     432    48   102   330  
  677  32.3437 35.1376     272   160    30   242  
  678  31.6223 34.8009     298    26    90   208  
  679  29.4709 33.0347     240    58    67   173  
  680  29.9098 34.3324     611   371    65   546  
  681  30.5299 34.8856     572    39    28   544  
  682  32.8412 35.6574     248   324    50   198  
  683  30.7559 35.3484     334    86    67   267  
  684  32.0526 34.6351     403    69    45   358  
  685  30.7609 35.0381     333    70     2   331  
  686  31.2395 35.8782     644   311    36   608  
  687  32.0655 35.9397     412   232    35   377  
  688  31.7812 35.5263     418     6    30   388  
  689  31.7612 34.9356     455    37    56   399  
  690  32.5739 34.3869     372    83    51   321  
  691  31.5869 33.4402     381     9    52   329  
  692  32.3331 34.7562     203   178    62   141  
  693  30.8195 35.7180     349   146    52   297  
  694  31.4108 34.1847     260    89    14   246  
  695  30.8894 35.0102     344    84    50   294  
  696  31.2033 33.8834     276    68    37   239  
  697  31.9249 35.1940     493   217    96   397  
  698  31.7565 35.9498     506    13    35   471  
  699  31.9002 34.6105     483    23    37   446  
  700  32.1719 35.5120     353   130    68   285  
  701  31.6513 34.9031     473   120    62   411  
  702  31.9907 34.6602     335   138    49   286  
  703  32.3301 34.4173     319    16    55   264  
  704  31.8692 35.6841     517   198    34   483  
  705  32.2597 35.6653     454    63    65   389  
  706  32.4519 34.6794     532    78    45   487  
  707  31.1616 34.2936     376   156   119   257  
  708  29.9982 33.9969     460    84    44   416  
  709  31.3813 34.2196     494    34    26   468  
  710  31.2068 33.8074     303   191    62   241  
  711  31.1070 33.9291     236    67   111   125  
  712  33.3615 36.3878     178    58    57   121  
  713  33.8364 33.5144     429   251    37   392  
  714  31.5065 36.0414     608   179    29   579  
  715  30.3461 35.1529     419   189    65   354  
  716  31.2099 34.7769     399    20    72   327  
  717  28.4892 34.8715     544   145    71   473  
  718  29.8655 34.7743     395   149   107   288  
  719  30.4706 34.2025     303    92    85   218  
  720  30.3031 35.7983     302     1    61   241  
  721  29.4393 33.7641     358    56    29   329  
  722  29.9890 34.1943     592   234    66   526  
  723  32.2113 34.3359     320   272    16   304  
  724  30.6085 33.4577     957   637    76   881  
  725  30.3596 35.4823     395   562    18   377  
  726  30.3368 36.3458     333    62    47   286  
  727  30.9557 34.6538     375    42    17   358  
  728  33.1389 33.8691     300    75    72   228  
  729  30.6417 34.6165     300     0    36   264  
  730  31.1480 35.3539     367    67    35   332  
  731  31.1227 34.6882     535   168    65   470  
  732  30.8015 33.9595     366   169    48   318  
  733  29.5918 34.8924     488   122    74   414  
  734  29.7299 34.0645     376   112    61   315  
  735  31.0188 34.0561     542   166   181   361  
  736  30.8550 33.6065     471    71    54   417  
  737  30.8869 34.1652     452    19   126   326  
  738  29.9529 35.2832     248   204    58   190  
  739  29.2968 35.2950     334    86    15   319  
  740  30.8601 31.6216     379    45    39   340  
  741  31.7798 32.8583     287    92    81   206  
  742  28.6589 34.0842     394   107    33   361  
  743  29.8264 34.5702     332    62    48   284  
  744  30.1284 34.9184     662   330    87   575  
  745  30.8126 34.7598     510   152    63   447  
  746  30.1601 35.5248     518     8    79   439  
  747  31.6011 35.5584     517     1   151   366  
  748  28.8779 34.4168     450    67    45   405  
  749  29.6164 36.9081     326   124    11   315  
  750  30.8156 35.3106     344    18    45   299  
  751  29.6065 37.1741     349     5    64   285  
  752  31.4230 34.3625     439    90   113   326  
  753  29.6066 36.1417     628   189    84   544  
  754  29.8660 35.8644     756   128    78   678  
  755  29.6489 36.8127     557   199    68   489  
  756  29.0639 35.9129     721   164    22   699  
  757  28.0003 38.1665     682    39   117   565  
  758  29.6619 35.9424     250   432    81   169  
  759  29.7555 35.4616     430   180    54   376  
  760  29.5146 36.4666     469    39    29   440  
  761  29.2736 36.1584     858   389   107   751  
  762  29.1908 35.7363     789    69    46   743  
  763  28.7266 36.9406     838    49   111   727  
  764  29.1235 38.2699     818    20    26   792  
  765  29.4683 35.6505     502   316    59   443  
  766  29.7508 34.6317     257   245    32   225  
  767  29.4712 36.2358     323    66    42   281  
  768  30.0429 36.7567     634   311   126   508  
  769  30.6050 35.8972     295   339    35   260  
  770  30.7138 36.0840     690   395    97   593  
  771  29.2723 37.0961     424   266   108   316  
  772  30.8022 36.0798     379    45    54   325  
  773  30.4205 35.6951     413    34    49   364  
  774  30.4363 37.3681     509    96    14   495  
  775  29.2729 37.3063     392   117    30   362  
  776  30.7165 35.4586     252   140    26   226  
  777  29.8073 35.7718     499   247    43   456  
  778  30.8250 35.5297     416    83    21   395  
  779  30.6347 35.5756     305   111    49   256  
  780  30.5959 35.9824     149   156    27   122  
  781  27.9222 37.3554     532   383    23   509  
  782  28.6580 34.8466     338   194    35   303  
  783  30.6582 34.6793     211   127    67   144  
  784  31.2220 34.4687     162    49    44   118  
  785  31.0235 35.8095     453   291    32   421  
  786  28.9760 35.0421     443    10    72   371  
  787  29.7981 35.9076     489    46    50   439  
  788  29.2544 35.1333     265   224    15   250  
  789  30.4890 35.0056     365   100    39   326  
  790  30.1564 35.6127     161   204    29   132  
  791  31.1427 34.3753     363   202    42   321  
  792  29.7017 36.8973     606   243    83   523  
  793  29.0762 36.9299     627    21   105   522  
  794  29.5290 34.7772     376   251    43   333  
  795  30.1302 36.0428     382     6    23   359  
  796  31.1418 35.7752     366    16    61   305  
  797  29.5509 35.5709     319    47    13   306  
  798  29.6896 35.1296     657   338    33   624  
  799  29.2127 35.1180     604    53    23   581  
  800  28.3045 37.1867     627    23    79   548  
  801  27.3979 36.0406     587    40    71   516  
  802  28.8896 34.4609     473   114    21   452  
  803  30.3947 34.2091     393    80    60   333  
  804  29.0729 35.9251     473    80    43   430  
  805  28.9091 34.3636     472     1    38   434  
  806  29.1794 34.6745     266   206    55   211  
  807  29.3210 33.8005     308    42    48   260  
  808  28.8156 34.5156     228    80    51   177  
  809  29.1255 35.4260     206    22    69   137  
  810  29.1184 34.4333     301    95    34   267  
  811  29.7947 34.6787     236    65    31   205  
  812  28.6641 34.1606     250    14    87   163  
  813  29.0859 34.9656     419   169    32   387  
  814  27.8770 35.9884     417     2    78   339  
  815  28.9967 34.5468     209   208    15   194  
  816  29.2694 35.7787     519   310    87   432  
  817  28.2832 36.1367     449    70    79   370  
  818  26.7784 34.4727     411    38    47   364  
  819  28.9622 34.7958     535   124    13   522  
  820  27.5359 32.4510      95   440    16    79  
  821  28.2518 35.2623     311   216    53   258  
  822  30.1670 35.5937     383    72    39   344  
  823  27.8430 35.2332     318    65    45   273  
  824  28.7981 36.2793     287    31    50   237  
  825  29.1408 36.8956     173   114    28   145  
  826  29.5457 35.2763     247    74    25   222  
  827  30.2002 36.0151     442   195    23   419  
  828  29.6501 36.0270     186   256    66   120  
  829  28.7195 35.9499     340   154    99   241  
  830  28.8257 34.9966     401    61    50   351  
  831  29.7422 34.7756     331    70    17   314  
  832  29.1839 36.4927     640   309    35   605  
  833  30.2377 35.4171     192   448    36   156  
  834  30.2674 35.3888     401   209    38   363  
  835  29.2943 36.0622     382    19    30   352  
  836  28.5563 35.9617     632   250    74   558  
  837  29.0232 36.9465     567    65    83   484  
  838  29.2897 36.3292     780   213    46   734  
  839  29.7885 36.3151     442   338    35   407  
  840  29.6944 36.8169     260   182    17   243  
  841  29.3447 35.6177     287    27    12   275  
  842  30.2654 34.6825     277    10    23   254  
  843  29.3792 35.2572     187    90    45   142  
  844  29.1430 36.1326     247    60    10   237  
  845  29.2544 35.8183     455   208    59   396  
  846  28.9822 35.7416     465    10    22   443  
  847  29.1878 35.5308     618   153    53   565  
  848  27.1474 34.9792     557    61    54   503  
  849  28.0465 35.9594     369   188   169   200  
  850  27.4688 37.2628     253   116    56   197  
  851  30.7007 37.3731     306    53    80   226  
  852  29.9631 37.5068     287    19    40   247  
  853  27.1704 37.4142     233    54    48   185  
  854  29.9697 34.7236     405   172    16   389  
  855  29.5986 34.7218     360    45    49   311  
  856  30.0592 36.1760     333    27    40   293  
  857  27.6732 35.8975     416    83    28   388  
  858  29.7708 36.8018     483    67    84   399  
  859  28.6269 36.2295     519    36    77   442  
  860  28.2061 36.1490     614    95    66   548  
  861  28.3209 34.8415     462   152    17   445  
  862  27.3979 34.5498     201   261    52   149  
  863  29.6382 34.8895     326   125    34   292  
  864  27.3752 33.8492     223   103    49   174  
  865  27.7038 35.5983     205    18    14   191  
  866  28.0311 36.6476     324   119    13   311  
  867  29.8613 35.8285     182   142    44   138  
  868  27.7622 35.1571     287   105     7   280  
  869  27.6407 35.2420     240    47    28   212  
  870  25.1192 35.3275     237     3    33   204  
  871  27.4996 36.0299     211    26    65   146  
  872  26.9546 35.5160     285    74    27   258  
  873  28.3299 35.3093     334    49    11   323  
  874  28.0495 35.1085     250    84     3   247  
  875  24.8022 35.9427     179    71    49   130  
  876  27.2802 35.3404     209    30    99   110  
  877  26.8732 35.6783     509   300    12   497  
  878  26.5281 36.1281     273   236    42   231  
  879  27.8462 36.0239     352    79    12   340  
  880  26.5247 36.1202     781   429    40   741  
  881  27.4582 35.7457     532   249    99   433  
  882  26.9127 35.4101     487    45    66   421  
  883  29.1310 37.1875     309   178    17   292  
  884  27.2997 35.5482     532   223   106   426  
  885  26.2242 34.7262     424   108    27   397  
  886  27.0027 34.0863     586   162    18   568  
  887  27.2238 34.8217     236   350    44   192  
  888  27.1157 34.7648     290    54    13   277  
  889  27.2671 34.3803     438   148    50   388  
  890  27.0520 35.2818     339    99    55   284  
  891  26.8951 33.6968     437    98    34   403  
  892  26.9248 34.9603     410    27    15   395  
  893  27.3222 34.9786     715   305    43   672  
  894  25.7687 34.3630     496   219   146   350  
  895  27.0265 34.9690     404    92     7   397  
  896  27.3556 33.8828     225   179    80   145  
  897  28.4531 34.6606     450   225    64   386  
  898  28.2026 35.0805     467    17    49   418  
  899  29.5090 35.5054     321   146    82   239  
  900  27.6694 34.9601     556   235    72   484  
  901  28.3148 34.5206     467    89    39   428  
  902  27.5112 34.9454     627   160    35   592  
  903  27.5329 34.5096     532    95    69   463  
  904  27.8624 34.5638     616    84    78   538  
  905  26.4344 35.3349     401   215    84   317  
  906  28.2023 34.0961     391    10    20   371  
  907  27.4597 34.5061     324    67    69   255  
  908  28.5664 34.6280     301    23    59   242  
  909  27.3277 33.9523     507   206    44   463  
  910  27.5814 34.0969     436    71    78   358  
  911  28.2943 33.0317     567   131    38   529  
  912  27.2179 33.9615     629    62    48   581  
  913  27.0786 33.0208     184   445    47   137  
  914  27.9905 33.9278     562   378    44   518  
  915  26.9649 33.8525     344   218    35   309  
  916  27.9737 33.7266     480   136    83   397  
  917  27.5529 33.7574     282   198    95   187  
  918  28.0238 32.9034     781   499    51   730  
  919  29.0376 33.2835     342   439    28   314  
  920  27.5916 34.4869     463   121    69   394  
  921  28.2815 33.0360     367    96     9   358  
  922  28.9300 34.6161     602   235    26   576  
  923  28.9203 33.8686     206   396    11   195  
  924  28.1378 33.9742     229    23    52   177  
  925  28.7946 33.9160     324    95    18   306  
  926  29.3417 34.3924     226    98     6   220  
  927  28.5981 32.8760     343   117    16   327  
  928  28.5208 34.7890     564   221    21   543  
  929  28.4031 34.4397     463   101    52   411  
  930  29.7244 33.3726     163   300    41   122  
  931  27.6041 34.7706     289   126    19   270  
  932  30.3820 32.6211     207    82    35   172  
  933  28.2799 33.4959     565   358    85   480  
  934  28.0693 34.5538     284   281    65   219  
  935  28.6683 34.3348     540   256    38   502  
  936  27.1775 33.7959     234   306    27   207  
  937  29.4978 34.3301     611   377    91   520  
  938  28.5664 32.9350     592    19    48   544  
  939  27.2599 34.9803     424   168    56   368  
  940  28.2039 34.3590     118   306    18   100  
  941  28.2781 34.2387     406   288    57   349  
  942  28.8058 34.0132     849   443    31   818  
  943  29.3305 32.5705     326   523    10   316  
  944  28.8122 33.6831     216   110    20   196  
  945  30.0620 34.0504     210     6    39   171  
  946  30.7889 32.8996     100   110     6    94  
  947  28.8093 32.8529     438   338    40   398  
  948  29.4844 34.3539     367    71    65   302  
  949  28.3814 31.4360     197   170    95   102  
  950  28.4525 34.0336     145    52    57    88  
  951  28.6834 32.6509     239    94    15   224  
  952  27.1925 31.6155     148    91    32   116  
  953  28.6575 34.7084     231    83    42   189  
  954  27.8315 33.6710     311    80    82   229  
  955  27.8243 34.8974     346    35    26   320  
  956  29.7346 35.5761     130   216    50    80  
  957  28.9897 32.4292     249   119    31   218  
  958  27.8076 32.5191     537   288    38   499  
  959  31.0910 33.2487     316   221    12   304  
  960  27.8635 31.4626      77   239    43    34  
  961  28.6170 33.9953     100    23    44    56  
  962  28.2739 31.9164     165    65    27   138  
  963  29.8321 32.0852     492   327    35   457  
  964  29.1308 32.8219     530    38     7   523  
  965  29.8902 32.0488     343   187    64   279  
  966  29.1251 32.9447     407    64    43   364  
  967  27.6199 32.5881     408     1    22   386  
  968  29.8955 32.6519     230   178    20   210  
  969  28.6836 32.5770     173    57    17   156  
  970  28.9725 33.0140     114    59    57    57  
  971  29.7844 32.1112     192    78    28   164  
  972  30.2554 33.6024     125    67    20   105  
  973  28.7477 33.9767     166    41    29   137  
  974  28.4529 32.7772     300   134    51   249  
  975  28.7529 32.0798     163   137    47   116  
  976  29.0639 33.2311     404   241    75   329  
  977  29.0076 31.3946     124   280    27    97  
  978  28.9132 30.6123     136    12    25   111  
  979  28.3130 33.7313     165    29    25   140  
  980  30.2040 33.2088     199    34    16   183  
  981  29.6134 32.2038     338   139    50   288  
  982  30.4740 32.0806     376    38    33   343  
  983  29.0451 31.7463     408    32    49   359  
  984  28.7490 33.4628     318    90    41   277  
  985  29.1588 33.4894     244    74    57   187  
  986  29.1158 34.1786     220    24    21   199  
  987  31.0695 32.8601     245    25    44   201  
  988  28.5176 33.0205     240     5    42   198  
  989  30.7501 32.6501     179    61    35   144  
  990  30.7676 31.4083     248    69    17   231  
  991  30.1231 31.3724     388   140    45   343  
  992  29.8861 31.4945     347    41    39   308  
  993  30.5646 31.9359     222   125    10   212  
  994  30.5113 33.7761     222     0    55   167  
  995  29.2244 31.5437     189    33    40   149  
  996  30.1594 32.8514     559   370    56   503  
  997  30.6136 30.8464     183   376    37   146  
  998  29.6453 33.4323     523   340    77   446  
  999  29.9051 32.6999     578    55    70   508  
 1000  28.1886 34.4401     123   455    31    92  
 1001  27.4916 33.9861     122     1    55    67  
 1002  30.3920 31.3399     212    90    22   190  
 1003  30.2703 33.4831     166    46    24   142  
 1004  30.0058 32.8101     246    80    43   203  
 1005  29.7202 31.6018     286    40    13   273  
 1006  29.4835 32.6685     235    51    10   225  
 1007  30.1754 32.3578     213    22    53   160  
 1008  27.5139 32.1977     489   276    62   427  
 1009  28.7335 31.9230     353   136     7   346  
 1010  30.4245 34.4495     166   187    56   110  
 1011  27.4847 33.6620     354   188    19   335  
 1012  27.7976 31.6772     120   234    29    91  
 1013  29.5227 32.8418     386   266    32   354  
 1014  31.3904 32.5618     250   136     4   246  
 1015  29.0577 31.7724     366   116    64   302  
 1016  28.3571 30.9643     321    45    80   241  
 1017  27.8944 32.0763     188   133    21   167  
 1018  30.0225 29.8630     111    77    36    75  
 1019  28.5811 33.6048     157    46    64    93  
 1020  27.6389 31.5162     285   128    25   260  
 1021  28.0610 31.6763     159   126    17   142  
 1022  30.5851 30.7648      77    82    16    61  
 1023  29.2016 31.7688     179   102    23   156  
 1024  29.0244 31.3519     274    95    47   227  
 1025  28.4684 30.9606     320    46    35   285  
 1026  27.9623 31.9327     594   274    74   520  
 1027  29.7694 31.7210     547    47    55   492  
 1028  27.7079 31.2747     167   380     9   158  
 1029  28.5640 31.4445     550   383    29   521  
 1030  28.4193 32.2961     116   434    42    74  
 1031  29.1255 31.7064     399   283    38   361  
 1032  28.9574 31.7772     243   156    34   209  
 1033  28.3809 31.3435     112   131    27    85  
 1034  30.2829 30.4365     410   298    38   372  
 1035  29.2030 32.2640     314    96    17   297  
 1036  28.3947 31.2974     539   225    51   488  
 1037  29.1552 31.2017     616    77    50   566  
 1038  30.3711 32.9878     254   362    18   236  
 1039  28.3352 29.5862      78   176    34    44  
 1040  29.4555 32.4225      72     6    22    50  
 1041  29.3748 29.6774     107    35    15    92  
 1042  29.2300 31.2208     355   248    35   320  
 1043  29.8005 30.5056     389    34    51   338  
 1044  29.3597 30.8626     562   173   105   457  
 1045  29.5921 30.9476     163   399    12   151  
 1046  28.9084 30.5512     331   168    12   319  
 1047  28.0490 31.6889     264    67    66   198  
 1048  29.5297 31.1776     183    81    41   142  
 1049  29.8509 29.7921     254    71    20   234  
 1050  27.8183 29.7371     379   125    31   348  
 1051  28.3947 29.0864     318    61    43   275  
 1052  29.0899 30.6312     201   117    34   167  
 1053  29.1339 30.8938     609   408    14   595  
 1054  29.4902 29.2558     375   234    31   344  
 1055  30.5315 30.2463     329    46    34   295  
 1056  29.6288 30.9909     639   310    20   619  
 1057  29.2495 31.3526     407   232    74   333  
 1058  29.5052 31.7027     499    92    28   471  
 1059  29.5543 30.8877     295   204    53   242  
 1060  28.4614 31.9672     184   111    25   159  
 1061  28.7928 30.4528     208    24    19   189  
 1062  28.6384 28.5276     235    27    27   208  
 1063  29.6782 30.3266     161    74    58   103  
 1064  30.8927 31.4982     143    18    29   114  
 1065  30.7887 31.9359     123    20    19   104  
 1066  32.4289 33.4289     123     0    44    79  
 1067  30.3522 29.2527     204    81    12   192  
 1068  30.8000 31.6000      94   110    53    41  
 1069  28.9931 29.9537     288   194     8   280  
 1070  31.4211 30.6228     331    43    17   314  
 1071  30.0089 30.9066     310    21    37   273  
 1072  29.2757 31.7212     271    39    44   227  
 1073  29.7921 30.8511     409   138    41   368  
 1074  28.5737 30.6688     116   293    78    38  
 1075  29.5307 30.4328     251   135    27   224  
 1076  29.9948 31.4953     289    38     9   280  
 1077  31.4730 31.5166     226    63    30   196  
 1078  29.5697 31.3367     549   323    20   529  
 1079  29.8424 30.7119     602    53    36   566  
 1080  29.9266 30.1508     353   249    44   309  
 1081  29.4021 31.4441     261    92    27   234  
 1082  30.7537 31.2232     201    60    40   161  
 1083  29.2952 32.0605      99   102    33    66  
 1084  30.1675 32.2093     215   116     5   210  
 1085  28.9066 31.7101     288    73    47   241  
 1086  29.2530 29.8289     289     1    22   267  
 1087  28.8623 31.8246     485   196    21   464  
 1088  30.4853 30.9225     441    44    20   421  
 1089  29.6091 30.8614     261   180    25   236  
 1090  30.9007 34.3690     104   157    11    93  
 1091  29.5705 31.8954     240   136     5   235  
 1092  29.9500 32.6113     130   110    31    99  
 1093  28.6826 33.1565     127     3    31    96  
 1094  29.0500 31.7206     587   460    36   551  
 1095  30.2584 31.2951     212   375    23   189  
 1096  29.6944 30.6744     387   175    82   305  
 1097  30.4326 32.6743     226   161    40   186  
 1098  26.6000 32.2000      68   158    35    33  
 1099  28.0019 33.1194     135    67    16   119  
 1100  30.1137 31.0640     206    71    31   175  
 1101  28.3082 30.2276      75   131    20    55  
 1102  31.1999 31.6001      42    33    44    -2  
 1103  31.6000 29.2000      67    25    15    52  
 1104  27.1371 31.1351     176   109    16   160  
 1105  30.1557 30.7148     231    55    14   217  
 1106  30.5436 31.3220     538   307    43   495  
 1107  29.4452 30.8540     348   190    37   311  
 1108  30.0964 31.6015     225   123    53   172  
 1109  30.8159 31.3011     194    31    21   173  
 1110  28.8963 31.8926     291    97    25   266  
 1111  30.2861 31.4264     224    67     3   221  
 1112  30.0067 30.9053     198    26    18   180  
 1113  29.4676 31.5461     336   138    94   242  
 1114  27.8294 30.1923     178   158    16   162  
 1115  27.9934 31.0398     695   517   125   570  
 1116  28.2082 31.4057     571   124   103   468  
 1117  28.9681 31.4927     210   361    23   187  
 1118  29.8295 31.0177     132    78    23   109  
 1119  30.0526 31.0938     398   266    40   358  
 1120  29.7530 30.2639     225   173    10   215  
 1121  28.3331 31.3337     275    50    26   249  
 1122  29.9289 29.7814     373    98    70   303  
 1123  29.3492 31.5238     322    51    47   275  
 1124  29.7115 31.5188     151   171    14   137  
 1125  28.0072 33.2365     130    21    62    68  
 1126  28.4644 30.8125      95    35    38    57  
 1127  29.7011 30.5168     443   348    34   409  
 1128  29.8006 32.4127     237   206    56   181  
 1129  31.5883 31.3115     235     2    76   159  
 1130  29.1924 30.4260     437   202    17   420  
 1131  29.3438 30.7663     330   107    33   297  
 1132  29.2973 30.7003     407    77    44   363  
 1133  29.4633 30.3185     182   225    23   159  
 1134  30.0234 30.2787     225    43    12   213  
 1135  30.5201 27.7642     153    72    18   135  
 1136  27.6609 30.4880     283   130    57   226  
 1137  29.5616 31.9112     190    93    58   132  
 1138  29.3966 30.5429     286    96    44   242  
 1139  28.8382 30.6289     353    67    25   328  
 1140  27.6504 30.7155     361     8    47   314  
 1141  29.6258 31.2898     414    53    36   378  
 1142  27.7200 30.8432     305   109    79   226  
 1143  30.4495 29.3590     138   167    12   126  
 1144  27.3294 30.5781     115    23    38    77  
 1145  28.7475 31.3111     157    42    21   136  
 1146  28.2635 29.5939     195    38    24   171  
 1147  27.1424 31.1140     353   158    26   327  
 1148  28.3536 31.2985     300    53    71   229  
 1149  28.0315 30.2493     119   181    25    94  
 1150  28.1790 29.9230     343   224    27   316  
 1151  28.7171 30.8237     304    39    47   257  
 1152  28.3883 29.6072     562   258    38   524  
 1153  27.6411 30.1693     145   417    34   111  
 1154  28.8688 30.0526     345   200    35   310  
 1155  27.2036 31.9844     221   124    11   210  
 1156  28.1757 30.1582     213     8    27   186  
 1157  27.9325 31.8030     219     6    24   195  
 1158  28.9502 30.6674     288    69    13   275  
 1159  27.2186 30.5726     256    32    38   218  
 1160  28.5112 29.5744     108   148    29    79  
 1161  28.6383 29.7430     253   145    20   233  
 1162  28.8531 27.7125      24   229    41   -17  
 1163  28.7774 30.8013     212   188    13   199  
 1164  27.8725 30.6782     113    99    21    92  
 1165  28.1652 30.0393      44    69    13    31  
 1166  31.2190 28.9817     103    59     5    98  
 1167  27.6873 29.2965     145    42    22   123  
 1168  27.3938 30.6535      67    78    16    51  
 1169  27.5197 27.7516     167   100     7   160  
 1170  28.2908 29.2294      80    87    40    40  
 1171  28.4798 30.6249     236   156     9   227  
 1172  27.6288 31.5260     145    91    39   106  
 1173  27.2739 27.3336     119    26    32    87  
 1174  27.4166 29.5507     364   245    20   344  
 1175  27.2668 29.5447     225   139    39   186  
 1176  26.3734 27.8498     113   112    27    86  
 1177  27.0072 30.9613     198    85    45   153  
 1178  25.9882 30.2223      72   126    12    60  
 1179  27.6211 30.7815      76     4    38    38  
 1180  26.0668 27.7867     149    73    19   130  
 1181  25.8851 31.8790     178    29    17   161  
 1182  28.4286 30.1429     131    47    11   120  
 1183  27.5603 29.6634     489   358    60   429  
 1184  26.4280 30.3762     235   254    31   204  
 1185  27.6695 30.4659     191    44    53   138  
 1186  27.5021 30.1399     305   114    49   256  
 1187  28.7101 30.3578     122   183    30    92  
 1188  27.3413 28.3425     166    44    32   134  
 1189  29.0595 30.1542     346   180     9   337  
 1190  28.4825 30.4936     453   107    13   440  
 1191  26.9134 28.9260     253   200    51   202  
 1192  28.3664 28.7712     149   104     4   145  
 1193  28.0691 30.9937     187    38    64   123  
 1194  29.3143 28.2375      79   108    22    57  
 1195  27.2645 28.7519     269   190    72   197  
 1196  24.9998 30.3430     141   128    52    89  
 1197  27.1883 31.3341      62    79    36    26  
 1198  29.1393 29.7732     278   216    23   255  
 1199  25.9474 27.9588     280     2    14   266  
 1200  27.5623 30.9383     349    69    46   303  
 1201  28.1634 30.0848     280    69     9   271  
 1202  26.5642 30.5739     184    96    24   160  
 1203  30.2708 29.6914     245    61    22   223  
 1204  26.8564 28.8324     121   124    11   110  
 1205  28.1733 29.2786     171    50    10   161  
 1206  25.9046 28.9866     254    83     0   254  
 1207  28.3628 29.4527     404   150    16   388  
 1208  28.2707 31.7644     135   269    10   125  
 1209  27.0725 28.8895     439   304    30   409  
 1210  27.5581 30.0114      94   345    32    62  
 1211  26.4982 30.8405     102     8    32    70  
 1212  28.3608 30.2417     176    74    16   160  
 1213  29.2415 29.1877     181     5    48   133  
 1214  26.0134 27.2036     126    55    36    90  
 1215  26.4000 29.7999     167    41    42   125  
 1216  26.2000 29.0000      44   123    23    21  
 1217  27.4136 27.6094     145   101    50    95  
 1218  29.2001 30.0000      58    87    18    40  
 1219  28.9999 31.2001      41    17    31    10  
 1220  29.8665 26.5642      87    46    11    76  
 1221  27.0093 29.2764     213   126    38   175  
 1222  29.0000 31.2001      80   133    19    61  
 1223  27.3785 26.6597     174    94     3   171  
 1224  28.2319 27.2667      45   129    43     2  
 1225  25.7291 28.9610      95    50    37    58  
 1226  25.5807 30.2053     143    48    30   113  
 1227  28.4333 29.2112     173    30    18   155  
 1228  25.3232 30.4108     163    10    18   145  
 1229  25.8001 30.3999      46   117    36    10  
 1230  27.6603 28.0863     150   104    27   123  
 1231  27.7305 28.7654     155     5    16   139  
 1232  27.1886 30.5185     224    69    41   183  
 1233  27.0036 31.0082     219     5    26   193  
 1234  28.0002 25.5998      41   178     5    36  
 1235  28.1478 26.9519     156   115    16   140  
 1236  28.1438 29.5713     393   237    68   325  
 1237  26.4055 29.0675     320    73    28   292  
 1238  26.6458 30.6574     133   187    11   122  
 1239  27.4940 29.2071     571   438    30   541  
 1240  27.6853 30.8469     460   111    58   402  
 1241  28.4445 31.3140     169   291    33   136  
 1242  27.4845 31.7614     181    12    48   133  
 1243  26.9263 30.5893     212    31    35   177  
 1244  25.2984 30.1061     129    83    44    85  
 1245  29.1958 32.2153     188    59    35   153  
 1246  27.1565 29.9923     280    92    44   236  
 1247  26.9038 30.9318     294    14    53   241  
 1248  27.9188 30.7776     167   127    36   131  
 1249  27.4940 31.9505     140    27     4   136  
 1250  26.3698 30.0031     169    29    40   129  
 1251  27.7954 30.9506     210    41    36   174  
 1252  26.2825 30.8123     290    80    53   237  
 1253  25.6258 30.7737     431   141    72   359  
 1254  27.2545 29.0513     136   295    12   124  
 1255  26.3981 31.2317     320   184    13   307  
 1256  26.5668 29.7159     435   115    24   411  
 1257  28.8954 31.4323     151   284    31   120  
 1258  27.2903 30.0185     356   205    93   263  
 1259  26.4846 31.9181     177   179    51   126  
 1260  25.9887 30.3476     308   131    23   285  
 1261  25.7522 30.1545     419   111    95   324  
 1262  28.3560 30.3451     356    63    50   306  
 1263  27.2193 30.5550     397    41    56   341  
 1264  25.9704 29.4980     242   155    49   193  
 1265  25.8000 30.8000      31   211    81   -50  
 1266  27.1374 30.1178     356   325    29   327  
 1267  26.9165 30.8621     152   204    43   109  
 1268  26.5384 30.1520     503   351    35   468  
 1269  26.0330 29.3524     244   259    25   219  
 1270  26.2036 30.3376     166    78     8   158  
 1271  25.0097 30.2685     466   300    43   423  
 1272  26.3775 28.3703     131   335    45    86  
 1273  25.4308 29.2243     173    42    25   148  
 1274  26.4511 28.3463     221    48    25   196  
 1275  26.4460 29.9000     291    70     6   285  
 1276  26.4810 29.4096     159   132    29   130  
 1277  26.2666 29.7988     307   148    16   291  
 1278  25.7663 30.5532     204   103    36   168  
 1279  26.1191 28.3609     177    27    20   157  
 1280  25.5952 26.8466      13   164    44   -31  
 1281  26.1434 31.1849     275   262     7   268  
 1282  27.7144 30.1473     254    21    11   243  
 1283  24.9533 29.1865     157    97    73    84  
 1284  26.4937 28.0457     196    39    17   179  
 1285  27.0343 27.2818      67   129    18    49  
 1286  26.4640 28.0297     185   118    43   142  
 1287  25.7001 30.5328     124    61    42    82  
 1288  24.9668 29.3122     189    65     9   180  
 1289  25.4321 27.8079     121    68    16   105  
 1290  25.8648 29.0001      18   103    60   -42  
 1291  26.3080 28.1183     174   156    47   127  
 1292  23.2001 30.4000      38   136    30     8  
 1293  25.4399 28.0335      89    51     8    81  
 1294  25.0854 28.3542     163    74    26   137  
 1295  25.7303 30.0346     167     4    19   148  
 1296  25.2593 28.9364     362   195    90   272  
 1297  25.2269 29.1848     399    37     9   390  
 1298  26.2427 28.9347     339    60    42   297  
 1299  27.7179 30.9254     146   193    12   134  
 1300  26.6555 30.4180     222    76    37   185  
 1301  27.9726 32.4005     201    21    38   163  
 1302  24.5976 28.6560     353   152    61   292  
 1303  26.9552 29.2580      92   261    20    72  
 1304  24.6884 30.0176     165    73    24   141  
 1305  26.5480 29.7440     535   370     9   526  
 1306  26.4321 29.7210     375   160    29   346  
 1307  27.2443 28.1498     231   144    10   221  
 1308  27.1930 29.1420     159    72    46   113  
 1309  27.0672 28.5886     268   109    59   209  
 1310  25.2627 28.6701     280    12    63   217  
 1311  26.4262 28.9668     375    95    80   295  
 1312  24.9718 27.5367     325    50    21   304  
 1313  26.2547 27.8258     170   155    52   118  
 1314  26.4312 29.4523     351   181    20   331  
 1315  25.5845 29.3455     746   395    71   675  
 1316  26.1793 28.6303     272   474    27   245  
 1317  25.2830 28.3860     307    35    39   268  
 1318  25.9204 28.3131     231    76    43   188  
 1319  26.3583 29.7524     189    42    42   147  
 1320  25.4849 27.4491      79   110     1    78  
 1321  25.2113 28.8553     262   183    26   236  
 1322  28.1908 28.2571     184    78    31   153  
 1323  25.8755 28.7901     252    68    25   227  
 1324  27.5430 26.4975     234    18    75   159  
 1325  28.5822 26.8011     243     9    23   220  
 1326  26.2263 29.4338     323    80    34   289  
 1327  27.4145 26.3902     102   221    17    85  
 1328  30.5000 30.2504      71    31    29    42  
 1329  26.8681 29.2664     152    81     2   150  
 1330  27.3509 29.3096     190    38    41   149  
 1331  27.0702 27.2138     247    57    71   176  
 1332  27.2576 26.8845     246     1    40   206  
 1333  27.8099 26.7329     286    40    45   241  
 1334  28.5100 28.2574     232    54     2   230  
 1335  25.6190 27.8918     219    13    37   182  
 1336  26.9202 28.0014     194    25    42   152  
 1337  25.9694 27.0722     266    72    15   251  
 1338  27.9446 24.9423     166   100    34   132  
 1339  25.9324 26.6934     260    94    44   216  
 1340  26.4142 28.5248     336    76    17   319  
 1341  24.1254 27.1197     153   183    29   124  
 1342  28.1138 26.6839     197    44    50   147  
 1343  27.6276 27.4902     274    77    58   216  
 1344  27.7510 26.9130     505   231    53   452  
 1345  27.3962 27.7803     436    69    23   413  
 1346  27.4611 26.4925     389    47    38   351  
 1347  27.0227 26.7484     147   242    26   121  
 1348  26.0025 26.3277     301   154    45   256  
 1349  27.6324 24.8640     426   125    33   393  
 1350  27.5382 26.0291     221   205    21   200  
 1351  27.6089 26.1638     166    55    31   135  
 1352  28.3309 28.4398     295   129     6   289  
 1353  29.6000 25.8000      79   216    26    53  
 1354  28.6909 27.7886     112    33    23    89  
 1355  28.1255 25.6956     340   228    22   318  
 1356  28.7994 28.4421     152   188    33   119  
 1357  28.3154 27.1811     212    60    10   202  
 1358  26.0305 28.2912     109   103    64    45  
 1359  27.4034 27.7624     191    82    16   175  
 1360  27.3107 27.5866     386   195    29   357  
 1361  28.3526 26.7304     470    84    61   409  
 1362  28.0324 28.1000     267   203    39   228  
 1363  27.4416 25.8850     140   127    22   118  
 1364  27.8391 25.4989     281   141    78   203  
 1365  27.3202 26.2845     205    76    20   185  
 1366  27.2293 27.4103     153    52    12   141  
 1367  28.8066 27.8760     165    12    32   133  
 1368  26.9633 27.2688     190    25    26   164  
 1369  26.7497 27.5514     177    13    14   163  
 1370  28.4953 27.9024     334   157    29   305  
 1371  27.4422 29.0801     212   122    23   189  
 1372  26.7863 28.1646     437   225    59   378  
 1373  26.9324 27.3236     389    48    34   355  
 1374  26.9600 28.7378     514   125    60   454  
 1375  25.8893 28.3720     148   366    54    94  
 1376  27.4077 29.5235     350   202    41   309  
 1377  25.0731 29.6847     223   127    28   195  
 1378  28.1893 28.1456     456   233    42   414  
 1379  27.3269 29.3533     313   143    27   286  
 1380  26.8476 28.9658     401    88    30   371  
 1381  27.0150 28.7499     298   103    32   266  
 1382  27.3317 27.6723     328    30    40   288  
 1383  27.9794 28.8882     207   121    57   150  
 1384  27.7269 27.8263     157    50    34   123  
 1385  27.9382 28.8161     165     8    47   118  
 1386  27.5118 28.0248     461   296    43   418  
 1387  27.5385 25.8085     110   351    48    62  
 1388  28.9322 28.3578     459   349    32   427  
 1389  28.3027 27.0627     325   134    59   266  
 1390  29.3088 27.1630     270    55    24   246  
 1391  27.5360 26.5513     373   103    43   330  
 1392  27.4649 26.8252     477   104    53   424  
 1393  27.1746 28.2178     195   282    27   168  
 1394  27.1578 29.3849     216    21    30   186  
 1395  28.2747 27.4216     246    30    29   217  
 1396  25.7658 27.6637     150    96    31   119  
 1397  27.9591 28.1107     150     0    30   120  
 1398  29.2448 29.9596     145     5    26   119  
 1399  27.3988 28.9132     117    28    14   103  
 1400  27.7828 28.3627     250   133    52   198  
 1401  28.0997 26.0338     238    12    45   193  
 1402  28.7855 28.2589     332    94    70   262  
 1403  28.0000 26.5000      65   267    18    47  
 1404  27.8536 29.5962     278   213    34   244  
 1405  28.8161 28.3026     346    68    89   257  
 1406  28.8803 25.4930     309    37    94   215  
 1407  31.3729 28.1094     337    28     5   332  
 1408  30.2352 27.9970     389    52    17   372  
 1409  29.3341 28.1747     139   250    53    86  
 1410  29.4933 28.9740     195    56    21   174  
 1411  30.9590 26.4920     249    54    17   232  
 1412  30.0115 27.6566     118   131    29    89  
 1413  28.0488 24.2737     185    67    69   116  
 1414  28.3980 28.1261      92    93    10    82  
 1415  28.5357 27.2534     198   106    55   143  
 1416  29.5791 27.2532     203     5    47   156  
 1417  27.8400 29.1193     207     4    54   153  
 1418  29.3525 27.4877     378   171    45   333  
 1419  28.6545 27.5620     173   205    26   147  
 1420  29.9132 27.8266     196    23    22   174  
 1421  30.3826 27.3836      62   134    50    12  
 1422  29.2091 26.2906     347   285     8   339  
 1423  27.5999 25.8000      48   299    70   -22  
 1424  30.6000 26.0000      54     6     6    48  
 1425  28.8437 27.3309     226   172    33   193  
 1426  28.2160 26.8464      70   156    24    46  
